              precision    recall  f1-score   support

           0       0.96      0.96      0.96       135
           1       0.97      0.97      0.97       184
           2       0.97      0.93      0.95       281
           3       0.93      0.98      0.96       154
           4       0.97      0.99      0.98       115
           5       0.99      0.97      0.98        72
           6       0.95      0.97      0.96       145

    accuracy                           0.96      1086
   macro avg       0.96      0.97      0.97      1086
weighted avg       0.96      0.96      0.96      1086
